---
startPose:
  x: -15.0
  y: 62.5
  heading: -1.5707963267948966
startTangent: -1.5707963267948966
waypoints:
- position:
    x: -3.7
    y: 34.5
  heading: -1.1344640137963142
  tangent: -1.1344640137963142
  interpolationType: "SPLINE"
resolution: 0.25
version: 1
