---
startPose:
  x: 43.0
  y: 60.0
  heading: 3.141592653589793
startTangent: 0.0
waypoints:
- position:
    x: 60.0
    y: 35.5
  heading: 0.0
  tangent: 1.7453292519943295
  interpolationType: "CONSTANT"
resolution: 0.25
version: 1
